79110 749711011797114121 49 44 49535151 44 771059910497101108 6511010310110811144 116104101110 10210510211612145115101118101110 12110197114115 11110810044 11911410511610111513
102114111109 7010811111410111099101 116111 8411110910997115111 10010139 67971189710810510111410544 97 121111117116104 111102 11011198108101 8211110997110 102971091051081214413
119104111 9710211610111411997114100115 981019997109101 104105115 10297118111117114105116101 11211711210510858 3473102 73 100111 110111116 112111115115101115115 11610410113
97114116 111102 1109711810510397116105110103 116104101 11510197 111102 121111117114 112111116101110116 10310111010511711544 11610497116 103101110105117115 11910510810813
110101118101114116104101108101115115 10112099117115101 10910144 97110100 110101105116104101114 100101115112105115101 109121 1051101011131179710810511612144 110111114 1001011099711010013
111102 109101 11610497116 11910410599104 73 10497118101 105116 110111116 105110 109101 116111 10310511810159 11510511099101 11610497116 11910410599104 1151169711010011513
97108111110101 105110 101118101114121116104105110103 9997110 105110 110111116104105110103 102105110100 105116115 991111171101161011141129711411646 87104101114101102111114101 12111111711413
10811111410011510410511244 95116104101 111110108121 108105103104116 105110 111117114 97103101 1181111179910411597102101100 116111 116104105115 11911111410810011595 1049711810511010313
110111 10111311797108 111114 11210110111444 9997110110111116 102105110100 115971161051151029799116105111110 105110 116104101 119111114107 111102 97110121 11111610410111413
1049711010046 7310244 11610410111410110211111410144 116104105115 111114 11610497116 105110 116104101 119111114107115 11910410599104 73 104111112101 97110100 11211411110910511510113
116111 10112010199117116101 115104111117108100 10497112112101110 116111 11210810197115101 12111111744 73 115104111117108100 9997108108 11610497116 11911111410744 11011111613
10311111110044 98117116 1021111141161171109711610146 65110100 105102 73 115104111117108100 101118101114 102101101108 97115115117114101100 11610497116454597115 1049711513
98101101110 114101112111114116101100 116111 109101454573 10497118101 103105118101110 121111117114 108111114100115104105112 115971161051151029799116105111110 105110 11111010113
116104105110103 111114 9711011111610410111444 73 119105108108 10997107101 97 103105102116 116111 121111117 111102 109121 112114101115101110116 97110100 111102 9710810813
11610497116 116104101 102117116117114101 10997121 98114105110103 10910159 97110100 105116 119105108108 98101 97 10311410197116 11297105110 116111 109101 116111 9810113
1171109798108101 116111 1141019997108108 116104101 1129711511644 105110 111114100101114 116111 115101114118101 121111117 115111 10911799104 116104101 1081111101031011144413
10511011511610197100 111102 10497118105110103 111110108121 116104101 10211711611711410144 11910410599104 9997110110111116 98101 10811111010344 11510511099101 73 97109 9710810813
116111111 11110810046 84104101114101 105115 110111116104105110103 109111114101 108101102116 102111114 109101 116111 1159712146 8210197100 109121 10410197114116 9711010013
110111116 109121 10810111611610111444 102111114 109121 112101110 9997110110111116 971121121141119799104 116104101 101120112114101115115105111110 111102 109121 10311111110013
119105108108463491 51 9313
13
679711897108105101114105 119114105116101115 116111 771059910497101108 65110103101108111 11610497116 104101 11410110397114100115 104105109115101108102 97115 9811111411013
97110101119 11510511099101 104101 10497115 99111109101 116111 107110111119 116104101 779711511610111459 119104111 11410111210810510111544 3473 102111114 109121 1129711411613
115104111117108100 11410110397114100 109121115101108102 97115 110111116 9811111411044 98111114110 1001019710044 111114 100101115101114116101100 98121 10410197118101110 9711010013
1019711411610444 105102 121111117114 108101116116101114115 10497100 110111116 98114111117103104116 109101 116104101 11210111411511797115105111110 11610497116 12111111711413
108111114100115104105112 979999101112116115 119105116104 10297118111117114 9910111411697105110 111102 109121 1191111141071154634 65110100 105110 97 108101116116101114 11110213
116104101 102111108108111119105110103 115117109109101114 116111 83101989711511610597110 100101108 801051111099811144 104101 115101110100115 97 103114101101116105110103 11611113
77101115115101114 841111091099711511144 119105116104 116104101 11911111410011558 3473 98101108105101118101 9573 115104111117108100 10511011511697110116108121 1029710810813
100111119110 1001019710095 105102 104101 119101114101 110111 108111110103101114 105110 109121 116104111117103104116115463491 52 9313
13
771059910497101108 65110103101108111 11210897121115 117112111110 104105115 10211410510111010039115 11511711411097109101 97115 831049710710111511210197114101 1121089712111513
117112111110 104105115 10211410510111010039115 6710411410511511610597110 1109710910146 84104101115101 97114101 116104101 10897115116 108105110101115 111102 11610410113
11610410511411612145102105114115116 11511111011010111658454513
13
   3483101 11810511011639 101 11211410111539 10539 100101989839 101115115101114 98101971161114413
    771011149711810510310810597 110111110 101 11510144 11011710039 101 1151111081114413
    82101115116111 112114105103105111110 10039117110 9567971189710810510111495 9711410997116111463413
13
    3473102 111110108121 9910497105110115 97110100 9897110100115 9997110 10997107101 109101 981081011151164413
     78111 10997114118101108 105102 97108111110101 97110100 9897114101 73 10311113
     65110 97114109101100 10711010510310411639115 9997112116105118101 97110100 11510897118101 99111110102101115115101100463413
    40957446 6546 8312110911111010011595464113
13
73110 111116104101114 115111110110101116115 116104101 116111110101 105115 110111 108101115115 1129711511510511111097116101 11610497110 8310497107101115112101971141013911513
45451169710710144 102111114 1011209710911210810144 116104101 116119101110116121451151019911111010058454513
13
    3477111114101 116101110100101114108121 112101114991049711099101 11610497110 105115 109121 1001171014413
     89111117114 115112105114105116 115101101115 105110116111 109121 1041019711411644 119104101114101 11410511510113
     84104101 10210897109101115 111102 104111108121 11911111411510410511244 110111114 10010111010510111513
     84104101 1031149799101 114101115101114118101100 102111114 116104111115101 119104111 10411710998108121 1151171014613
     79104 98108101115115101100 10097121 119104101110 121111117 97116 10897115116 97114101 1091051101013313
     76101116 116105109101 11511697110100 11511610510810844 97110100 108101116 11011111111039115 9910497114105111116 115116971215913
     70105120101100 98101 11610497116 109111109101110116 111110 116104101 10010597108 111102 104101971181011103313
     8410497116 73 10997121 9910897115112 97110100 10710110111244 98121 1031149799101 100105118105110101454513
     6710897115112 105110 116104101115101 12110197114110105110103 97114109115 97110100 107101101112 102111114 9712110113
     77121 1041019711411639115 108111118101100 108111114100 116111 109101 100101115101114116108101115115 103105118101110463491 53 9313
                                    40957446 6546 8312110911111010011595464113
13
73110 9911110911297114105115111110 119105116104 67971189710810510111410544 771059910497101108 65110103101108111 99111117108100 119105116104 10611711511610599101 999710810813
104105109115101108102 11110810046 83111109101 991141051161059911544 111110 116104101 111116104101114 1049711010044 10497118101 115101101110 105110 116104101 102979911613
11610497116 831049710710111511210197114101 11997115 110111116 11410197108108121 111108100 97116 116104101 116105109101 119104101110 116104101 83111110110101116115 11910111410113
11911410511611610111044 97 112114111111102 111102 116104101105114 9911111011810111011610511111097108 97110100 11711011410197108 9910497114979911610111446 66117116 11610410511513
105115 116111 111118101114108111111107 116104101 11410110897116105118105116121 111102 116104101 11610111410946 65115 9911110911297114101100 119105116104 97 121111117116104 11110213
10110510310411610110111044 831049710710111511210197114101 11997115 105110 10110210210199116 11110810044 119105116104 104105115 115105120116101101110 971001001051161051111109710813
12110197114115 97110100 97108108 104105115 10112011210111410510111099101 111102 10810510210146 65110100 105102 119101 97114101 114105103104116 105110 9711511510510311010511010313
83111110110101116115 10812010510510546 97110100 10812012010510510546 116111 116104101 12110197114 49544848 111114 4954484944 831049710710111511210197114101 1049710013
116104101110 1141019799104101100 116104101 97103101 111102 1161041051141161214511510111810111044 97110 97103101 97116 11910410599104 4097109111110103 10410511513
991111101161011091121111149711410510111541 6811497121116111110 105110 104105115 95731001019795 100119101108108115 113117105116101 105110 116104101 11597109101 11511210511410511613
117112111110 116104101 119114105110107108101115 111102 97103101 105110 104105115 102979910144 97110100 97116 1191041059910444 97115 84121108101114 10497115 11810111412113
97112116108121 112111105110116101100 11111711644 66121114111110 105110 104105115 1151199711045115111110103 117115101115 101120112114101115115105111110115 979811111711613
104105109115101108102 11910410599104 109105103104116 10497118101 98101101110 99111112105101100 102114111109 83104971071011151121019711410139115 1151011181011101161214511610410511410013
8311111011010111646 831049710710111511210197114101 1159712111558454513
13
    348410497116 116105109101 111102 12110197114 116104111117 10997121115116 105110 109101 9810110411110810013
     87104101110 95121101108108111119 108101971181011159544 111114 11011111010144 111114 10210111944 100111 1049711010313
     85112111110 116104111115101 98111117103104115 11910410599104 11510497107101 9710397105110115116 116104101 9911110810013
     6697114101 11411710511039100 9910411110511411544 119104101114101 10897116101 116104101 115119101101116 98105114100115 11597110103463413
13
66121114111110 116104117115 101120112114101115115101115 10410510911510110810258454513
13
    3477121 10097121115 97114101 105110 95116104101 121101108108111119 10810197102954491 54 9313
       84104101 102108111119101114115 97110100 102114117105116115 111102 108111118101 97114101 1031111101014413
     84104101 11911111410944 116104101 9997110107101114 97110100 116104101 10311410510110213
       65114101 109105110101 97108111110101463413
13
73110 831049710710111511210197114101 119101 1141019710058454513
13
    3473110 109101 116104111117 115101101115116 95116104101 103108111119105110103 111102 11511799104 1021051141019513
     8410497116 111110 116104101 97115104101115 111102 104105115 121111117116104 100111116104 10810510113
     65115 116104101 9510010197116104459810110095 119104101114101111110 105116 109117115116 1011201121051141014413
     6711111011511710939100 119105116104 11610497116 11910410599104 105116 11997115 11011111711410511510439100 98121463413
13
6612111411111039115 119111114100115 9711410158454513
13
    349584104101 102105114101 11610497116 111110 109121 98111115111109 1121141011211159513
          73115 108111110101 97115 115111109101 118111108999711010599 1051151081015913
     78111 11611111499104 105115 107105110100108101100 97116 105116115 9810897122101454513
       9565 10211711010111497108 112105108101953413
13
84104117115 98111116104 112111101116115 108105107101110 11610410110911510110811810111544 97116 116104105115 991111091129711497116105118101108121 10197114108121 9710310144 11611113
116104101 119105110116114121 119111111100115 119105116104 116104101105114 121101108108111119105110103 1081019711810111544 97110100 119105116104111117116 981081111151151111094413
10211411710511644 111114 116104101 115111110103 111102 9810511410011559 97110100 98111116104 9911110911297114101 116104101 102105114101 11910410599104 11511610510810813
103108111119115 105110 116104101105114 115111117108 116111 97 11511110810511697114121 10210897109101 11910410599104 102105110100115 110111 110111117114105115104109101110116 10211411110913
11910511610411111711646 84104101 97115104101115 111102 109121 121111117116104 9810199111109101 105116115 10010197116104459810110044 11597121115 8310497107101115112101971141014613
84104101121 97114101 97 10211711010111497108 11210510810144 11597121115 661211141111104613
13
78111114 105115 105116 11211111511510598108101 116111 991111109910811710010144 97115 839910411799107 10011110111544 102114111109 116104101 991111101181011101161051111109710813
115116121108101 111102 116104101 102105114115116 115101118101110116101101110 831111101101011161154545102111114 105110115116971109910144 102114111109 116104101105114 9710810911111511613
1181011149897108 105100101110116105116121 119105116104 97 1129711511597103101 105110 8310510011010112139115 956511499971001059795454511610497116 116104101121 9711410113
113117105116101 100101118111105100 111102 11410110897116105111110 116111 116104101 11211110111639115 111119110 1081051021014613
13
73110 11510411111411644 116104101 101108101109101110116115 111102 11610110911211111497114121 10297115104105111110 97110100 99111110118101110116105111110 11910410599104 971121121019711413
105110 116104101 83111110110101116115 105110 110111 11997121 112114111118101 11610497116 116104101121 119101114101 110111116 103101110117105110101 10112011211410111511510511111011513
111102 116104101 11211110111639115 979911611797108 1021011011081051101031154613
13
84104101121 10897121 9897114101 116111 117115 97 115105100101 111102 104105115 99104971149799116101114 11910410599104 100111101115 110111116 9711211210197114 10511013
116104101 1121089712111546 87101 115101101 105110 104105109 97110 10110911111610511111097108 11097116117114101 119105116104 97 1129711511510511111097116101 9810111011613
11611111997114100115 11510110810245115117114114101110100101114 105110 108111118101 97110100 1051001111089711611412144 97110100 119105116104 97 991111141141011151121111101001051101034413
116104111117103104 108101115115 1011209910111511510511810144 12110197114110105110103 116111 98101 1081111181011004613
13
87101 10810197114110 102114111109 116104101 83111110110101116115 116111 11910497116 97 100101103114101101 831049710710111511210197114101 11997115 11111211211410111511510110013
97110100 116111114109101110116101100 98121 104105115 115101110115101 111102 116104101 99111110116101109112116 105110 11910410599104 116104101 979911611111439115 999710810810511010313
11997115 10410110810046 84104101 11599111114110 111102 9711099105101110116 82111109101 102111114 116104101 109111117110116101989711010744 116104101 104111114114111114 11110213
9711099105101110116 7411710010197 102111114 119104111101118101114 100105115103117105115101100 104105109115101108102 105110 116104101 10397114109101110116115 111102 11610410113
111116104101114 11510112044 97110100 10210511097108108121 116104101 9710310145111108100 10497116114101100 111102 6710411410511511610597110105116121 102111114 1161041019711611410111513
97110100 97108108 116104101 11610110911211697116105111110115 11610497116 102111108108111119 105110 116104101105114 11611497105110454597108108 116104101115101 104979810511611513
111102 116104111117103104116 10497100 98101101110 10497110100101100 100111119110 102114111109 10310111010111497116105111110 116111 1031011101011149711610511111044 9711010044 9711513
8011711410511697110105115109 103114101119 105110 115116114101110103116104 97110100 10397105110101100 116104101 117112112101114 1049711010044 10497100 98101103111116116101110 9713
99111110116101109112116117111117115 116111110101 111102 1121179810810599 111112105110105111110 117110100101114 11910410599104 115111 115101110115105116105118101 97 1109711611711410113
97115 83104971071011151121019711410139115 99111117108100 110111116 98117116 115117102102101114 10710110111010812146 72101 11997115 110111116 11410110397114100101100 9711513
97 112111101116 119104111 110111119 97110100 116104101110 979911610110044 98117116 97115 97110 9799116111114 119104111 110111119 97110100 116104101110 11911411111610113
1121089712111546 73116 11997115 97 11297105110 116111 104105109 116111 102101101108 11610497116 104101 98101108111110103101100 116111 97 9997115116101 1191041059910413
10497100 110111 9910511810599 1151169711611711546 7210111099101 104105115 991111091121089710511011644 105110 83111110110101116 1201201051204644 111102 98101105110103 3410511013
1001051151031149799101 119105116104 102111114116117110101 97110100 10910111039115 1011211011154634 721011109910144 105110 83111110110101116 1201201201181054644 10410511513
971151151171149711099101 116111 104105115 102114105101110100 11610497116 104101 119105108108 110111116 11198116114117100101 111110 111116104101114115 116104101 1029799116 11110213
116104101105114 10211410510111010011510410511258454513
13
    3473 10997121 110111116 101118101114109111114101 9799107110111119108101100103101 1161041011014413
     76101115116 109121 9810111997105108101100 103117105108116 115104111117108100 100111 116104101101 115104971091015813
     78111114 116104111117 119105116104 1121179810810599 107105110100110101115115 104111110111117114 1091014413
     85110108101115115 116104111117 11697107101 11610497116 104111110111117114 102114111109 116104121 110971091015813
     66117116 100111 110111116 11511159 73 108111118101 116104101101 105110 11511799104 1151111141164413
     6511544 116104111117 98101105110103 10910511010144 109105110101 105115 116104121 103111111100 114101112111114116463413
13
84104101 98105116116101114 9911110911210897105110116 105110 83111110110101116 10812012010510546 115101101109115 11497116104101114 116111 114101102101114 116111 11610410113
11911410511610111439115 11510511611797116105111110 97115 97 100114971099711610511511658454513
13
13
    3470111114 73 97109 11510497109101100 98121 11610497116 11910410599104 73 98114105110103 1021111141161044413
     65110100 115111 115104111117108100 12111111744 116111 108111118101 116104105110103115 110111116104105110103 119111114116104463413
13
84104101 1091011089711099104111108121 11910410599104 102105108108115 83111110110101116 9912046 105115 111999997115105111110101100 98121 116104101 1191141051161011143911513
112114111102101115115105111110 97110100 104105115 11097116117114101 97115 97 112111101116 97110100 9711411610511511658454513
13
    34651089711533 39116105115 11611411710144 73 10497118101 103111110101 104101114101 97110100 1161041011141014413
     65110100 10997100101 109121115101108102 97 109111116108101121 116111 116104101 1181051011195913
     7111111439100 109105110101 111119110 11610411111710310411611544 115111108100 9910410197112 11910497116 105115 109111115116 100101971144413
     7797100101 111108100 11110210210111099101115 111102 9710210210199116105111110115 1101011195813
     77111115116 116114117101 105116 10511544 11610497116 73 10497118101 10811111110739100 111110 11611411711610413
     651151079711099101 97110100 1151161149711010310110812159 9811711644 98121 97108108 97981111181014413
     84104101115101 9810810111099104101115 10397118101 109121 10410197114116 97110111116104101114 1211111171161044413
     65110100 119111114115101 10111511597121115 11211411111839100 116104101101 109121 98101115116 111102 108111118101463413
13
721011109910144 1021051109710810812144 104105115 1141011121141119799104 116111 7011111411611711010144 105110 83111110110101116 991201054644 11610497116 115104101 10010510013
110111116 3498101116116101114 102111114 104105115 108105102101 112114111118105100101 8410497110 1121179810810599 10910197110115 11910410599104 1121179810810599 1099711011010111411513
981141011011001153458454513
13
    348410410111099101 99111109101115 105116 11610497116 109121 11097109101 11410199101105118101115 97 98114971101005913
     65110100 97108109111115116 11610410111099101 109121 11097116117114101 105115 115117981001173910013
     84111 11910497116 105116 119111114107115 10511044 108105107101 116104101 10012110111439115 10497110100463413
13
87101 109117115116 9810197114 105110 109105110100 116104105115 9911111011610511011797108 119114105116104105110103 117110100101114 116104101 1121141011061171001059910113
9710397105110115116 104105115 9997108108105110103 97110100 104105115 9711411644 97110100 116104105115 10511010010510311097116105111110 97116 116104101 1051101061171151161059910113
111102 116104101 97116116105116117100101 97100111112116101100 11611111997114100115 116104101109 98121 97 10311410197116 11297114116 111102 116104101 10910510010010810113
991089711511510111544 105102 119101 119111117108100 11711010010111411511697110100 116104101 104105103104 112114101115115117114101 111102 8310497107101115112101971141013911513
102101101108105110103115 11611111997114100115 116104101 11011198108101 121111117116104 119104111 10497100 971121121141119799104101100 104105109 102117108108 111102 11610410113
9711411645108111118105110103 11611497100105116105111110115 111102 116104101 9711410511511611199114979912144 97110100 116104101 98117114110105110103 1011101161041171151059711510913
111102 116104101 121111117110103 102111114 1051101161011081081019911611797108 11511711210111410511111410511612146 8710510810810597109 721011149810111411644 119105116104 10410511513
9810197117116121 97110100 104105115 11210111411511111097108 991049711410944 109117115116 10497118101 99111109101 116111 104105109 108105107101 97 118101114121 9711010310110813
111102 10810510310411644 97 109101115115101110103101114 102114111109 97 104105103104101114 119111114108100 11610497110 11610497116 105110 11910410599104 104105115 10811111613
11997115 999711511646 72101 11997115 97 108105118105110103 119105116110101115115 116111 116104101 1029799116 11610497116 831049710710111511210197114101 11997115 11011111613
99111110100101109110101100 116111 115101101107 116104101 9711211210897117115101 111102 116104101 109117108116105116117100101 9710811111010144 98117116 99111117108100 11910511013
116104101 10297118111117114 111102 116104101 11011198108101115116 105110 116104101 1089711010044 97110100 11997115 110111116 10112099108117100101100 102114111109 97 10010110111213
97110100 97108109111115116 1129711511510511111097116101 102114105101110100115104105112 11910410599104 1121089799101100 104105109 111110 97110 10111311797108 10211111111610511010313
119105116104 116104101 9810197114101114 111102 97110 9711099105101110116 1109710910146 801011099811411110710139115 10311410197116 9810197117116121 110111 1001111179811613
10997100101 97 100101101112 105109112114101115115105111110 117112111110 116104101 981019711711612145108111118101114 105110 83104971071011151121019711410139115 1151111171084613
73116 105115 118101114121 11211411198979810810144 11611111144 11610497116 116104101 121111117110103 97114105115116111991149711644 979999111114100105110103 116111 11610410113
10297115104105111110 111102 116104101 11610510910111544 10997100101 116104101 112111101116 104105115 10010198116111114 102111114 115111108105100101114 98101110101102979911610511111011513
11610497110 109101114101 10211410510111010011510410511259 97110100 831049710710111511210197114101 109117115116 116104117115 10497118101 102101108116 1001111179810812113
11297105110102117108 116104101 11510511611797116105111110 105110 11910410599104 104101 11997115 1121089799101100 98121 116104101 105110116114105103117101 9810111611910110111013
104105115 109105115116114101115115 97110100 104105115 1021141051011101004691 55 934613
13
73110 97110121 999711510144 116104101 9710210210199116105111110 119105116104 11910410599104 8010110998114111107101 10511011511210511410110013
8310497107101115112101971141014545116104101 1129711511510511111097116101 97116116979910410910111011644 10810197100105110103 101118101110 116111 10610197108111117115121 11110213
111116104101114 112111101116115 97100109105114101100 98121 116104101 121111117110103 1101119810810110997110454510497100 110111116 111110108121 97 1181051181051001101011151154413
98117116 97110 10111411111610599 102101114118111117114 11511799104 97115 119101 110101118101114 102105110100 105110 111117114 99101110116117114121 1099711010510210111511610110013
98101116119101101110 10997110 97110100 1099711046 78111116101 11511799104 97110 101120112114101115115105111110 97115 116104105115 105110 83111110110101116 991204658454513
13
    3484104101110 103105118101 109101 1191011089911110910144 110101120116 109121 10410197118101110 116104101 981011151164413
     69118101110 116111 116104121 112117114101 97110100 109111115116 109111115116 108111118105110103 9811410197115116463413
13
84104105115 1011209799116108121 99111114114101115112111110100115 116111 771059910497101108 6511010310110811139115 1141019910111011610812145113117111116101100 100101115105114101 11611113
349910897115112 105110 104105115 12110197114110105110103 97114109115 104105115 1041019711411639115 108111118101100 1081111141004634 79114 11198115101114118101 11511799104 9713
108105110101 97115 116104105115 105110 83111110110101116 1081201201184658454513
13
    3483111 97114101 121111117 116111 109121 116104111117103104116115 97115 102111111100 116111 108105102101463413
13
87101 10497118101 104101114101 97110 1011209799116 9911111711011610111411297114116 116111 116104101 102111108108111119105110103 101120112114101115115105111110115 105110 9713
108101116116101114 102114111109 771059910497101108 65110103101108111 116111 67971189710810510111410544 10097116101100 74117108121 49535151 58 3473 119111117108100 1029711413
11497116104101114 102111114103101116 116104101 102111111100 111110 11910410599104 73 10810511810144 11910410599104 11911410111699104101100108121 11511711511697105110115 11610410113
98111100121 9710811111010144 11610497110 121111117114 1109710910144 11910410599104 11511711511697105110115 98111116104 98111100121 97110100 11511111710844 10210510810810511010313
98111116104 119105116104 11511799104 10497112112105110101115115 11610497116 73 9997110 102101101108 110101105116104101114 9997114101 110111114 10210197114 111102 1001019711610413
119104105108101 73 10497118101 105116 105110 109121 109101109111114121463491 56 9313
13
84104101 1129711511510511111097116101 102101114118111117114 111102 116104105115 102114105101110100115104105112 111110 116104101 801089711611111010599 109111100101108 10511513
97999911110911297110105101100 105110 83104971071011151121019711410144 97115 105110 771059910497101108 6511010310110811144 98121 97 1151179810910511511510511810111010111511513
111110 116104101 11297114116 111102 116104101 101108100101114 102114105101110100 11611111997114100115 116104101 12111111711010310111444 1191041059910444 105110 11610410111510113
116119111 115117112114101109101 10310111010511711510111544 9710210210199116115 116104101 109111100101114110 11410197100101114 1129710511010211710810812146 699799104 10497100 11211711613
111102102 101118101114121 115104114101100 111102 112114105100101 105110 11410110897116105111110 116111 104105115 105100111108105115101100 121111117110103 10211410510111010046 7211111913
11511611497110103101 105116 115101101109115 116111 102105110100 831049710710111511210197114101 9997108108105110103 104105109115101108102 121111117110103 72101114981011141163911513
34115108971181014434 97110100 97115115117114105110103 104105109 11610497116 104105115 11610510910144 109111114101 11211410199105111117115 11610497110 11610497116 11110213
97110121 111116104101114 10997110 116104101110 10810511810511010344 105115 111102 110111 1189710811710144 115111 11610497116 104105115 102114105101110100 10997121 10810111613
104105109 11997105116 111114 115117109109111110 104105109 116111 104105115 115105100101 97115 104105115 999711211410599101 97110100 1029711099121 10010599116971161014613
73110 83111110110101116 10811810510510546 104101 11511210197107115 111102 3411610497116 71111100 119104111 10997100101 109101 102105114115116 121111117114 11510897118101463413
83111110110101116 10811810510546 114117110115 11610411711558454513
13
    3466101105110103 95121111117114 115108971181019544 11910497116 115104111117108100 73 100111 98117116 11610111010013
     85112111110 116104101 104111117114115 97110100 116105109101115 111102 121111117114 1001011151051141016313
     73 10497118101 110111 11211410199105111117115 116105109101 97116 97108108 116111 1151121011101004413
     78111114 11510111411810599101115 116111 10011144 116105108108 121111117 1141011131171051141014613
     78111114 10097114101 73 99104105100101 116104101 1191111141081004511910511610411111711645101110100 1041111171144413
     87104105108115116 7344 109121 11511111810111410110510311044 1199711699104 116104101 9910811199107 102111114 1211111174413
     78111114 116104105110107 116104101 98105116116101114110101115115 111102 979811510111099101 1151111171144413
     87104101110 121111117 10497118101 98105100 121111117114 11510111411897110116 11111099101 971001051011175913
     78111114 10097114101 73 113117101115116105111110 119105116104 109121 10610197108111117115 1161041111171031041164413
     87104101114101 121111117 10997121 9810144 111114 121111117114 9710210297105114115 1151171121121111151015913
     6611711644 108105107101 97 11597100 1151089711810144 11511697121 97110100 116104105110107 111102 1101111171031041164413
     839711810144 119104101114101 121111117 97114101 104111119 10497112112121 121111117 10997107101 116104111115101463413
13
74117115116 97115 771059910497101108 65110103101108111 115112111107101 116111 679711897108105101114105 111102 104105115 119111114107115 97115 11610411111710310413
116104101121 119101114101 115999711499101108121 119111114116104 104105115 10211410510111010039115 1101111161059910144 115111 100111101115 83104971071011151121019711410113
115111109101116105109101115 11511210197107 111102 104105115 11810111411510111546 73110 83111110110101116 12012012010510546 104101 98101103115 104105115 102114105101110100115 11611113
341141014511511711411810112134 116104101109 119104101110 104101 105115 1001019710058454513
13
    3465110100 116104111117103104 116104101121 98101 11111711611511611410511211239100 98121 101118101114121 1121011104413
     82101115101114118101 116104101109 102111114 109121 10811111810144 110111116 102111114 116104101105114 1141041211091014413
     6912099101101100101100 98121 116104101 104101105103104116 111102 10497112112105101114 109101110463413
13
84104105115 104117109105108105116121 9810199111109101115 113117105116101 100101115112105999798108101 119104101110 97 981141019799104 105115 1161041141019711610111010110013
98101116119101101110 116104101 10211410510111010011546 831049710710111511210197114101 116104101110 11410111210197116101100108121 112114111109105115101115 115111 116111 98108979910710111013
104105109115101108102 11610497116 104105115 102114105101110100 11510497108108 1141019711244 110111116 1151049710910144 98117116 10411111011111711444 102114111109 10410511513
1029710511610410810111511511010111511546 73110 83111110110101116 1081201201201181051051054658454513
13
    3487105116104 109105110101 111119110 11910197107110101115115 98101105110103 98101115116 9799113117971051101161011004413
     85112111110 116104121 11297114116 73 9997110 115101116 100111119110 97 11511611111412113
     79102 10297117108116115 991111109910197108101100 119104101114101105110 73 97109 97116116971051101161011004413
     8410497116 11610411111744 105110 108111115105110103 10910144 11510497108116 119105110 10911799104 103108111114121463413
13
83111110110101116 10812012012010512046 105115 115116105108108 109111114101 115116114111110103108121 11911111410010110058454513
13
    3484104111117 9997110115116 11011111644 10811111810144 1001051151031149799101 109101 10497108102 115111 1051081084413
     84111 115101116 97 102111114109 117112111110 100101115105114101100 99104971101031014413
     65115 7339108108 109121115101108102 100105115103114979910158 107110111119105110103 116104121 1191051081084413
     73 119105108108 9799113117971051101169711099101 1151161149711010310810144 97110100 108111111107 115116114971101031015913
     66101 9798115101110116 102114111109 116104121 1199710810711559 97110100 105110 109121 11611111010311710113
     84104121 1151191011011164598101108111118101100 11097109101 110111 109111114101 11510497108108 1001191011081084413
     76101115116 73 40116111111 10911799104 1121141111029711010141 115104111117108100 100111 105116 1191141111101034413
     65110100 10497112108121 111102 111117114 111108100 9799113117971051101169711099101 1161011081084613
        70111114 11610410110144 9710397105110115116 109121115101108102 7339108108 118111119 10010198971161014413
        70111114 73 109117115116 11010139101114 108111118101 104105109 119104111109 116104111117 100111115116 10497116101463413
13
87101 97114101 112111115105116105118101108121 115117114112114105115101100 11910410111044 105110 97 115105110103108101 112971151159710310144 105110 83111110110101116 108120105105464413
119101 99111109101 117112111110 97 1021111149910598108101 101120112114101115115105111110 111102 1151011081024510811111810159 98117116 105116 100111101115 110111116 10112011610111010013
98101121111110100 116104101 102105114115116 10497108102 111102 116104101 8311111011010111659 105110 116104101 11510199111110100 10497108102 116104105115 1151011081024510811111810113
105115 9710811410197100121 11410110397114100101100 97115 97 11510511044 97110100 831049710710111511210197114101 10411710998108121 1011021029799101115 10410510911510110810213
98101102111114101 104105115 10211410510111010046 65108108 116104101 109111114101 10310897100108121 100111101115 116104101 11410197100101114 11910110899111109101 116104101 10210111913
83111110110101116115 4010811846 97110100 1081201201201054641 105110 11910410599104 116104101 112111101116 99111110102105100101110116108121 11211410110010599116115 11610410113
10510910911111411697108105116121 111102 116104101115101 104105115 117116116101114971109910111546 73116 105115 116114117101 11610497116 831049710710111511210197114101 10511513
104101114101 10311410197116108121 10511010210811710111099101100 98121 97110116105113117105116121 97110100 98121 116104101 10297115104105111110 111102 104105115 971031015913
97110100 105116 105115 115105109112108121 97115 11410199111114100115 111102 104105115 10211410510111010039115 9810197117116121 97110100 971091059798105108105116121 1161049711613
104105115 118101114115101115 97114101 116111 98101 112114101115101114118101100 116104114111117103104 97108108 97103101115 116111 9911110910146 66117116 110111 11211110111613
119105116104111117116 97 115111117110100 97110100 118105103111114111117115 115101108102459911111010210510010111099101 99111117108100 10497118101 119114105116116101110 10110511610410111413
116104101115101 108105110101115 105110 83111110110101116 10811846584545